Title:		Opus Test      
CGB:		1
SGB:		0
license:	
romSize:	32768
romBanks:	0
ramSize:	0
ramBanks:	0
japanese:	1
romVersion:	1
ROM:		ROM
bootrom finished!

Addr: 8000	00 00 00 00 00 00 00 00 00 00 00 00 00 00 00 00 
Addr: 8010	f0 00 f0 00 fc 00 fc 00 fc 00 fc 00 f3 00 f3 00 
Addr: 8020	3c 00 3c 00 3c 00 3c 00 3c 00 3c 00 3c 00 3c 00 
Addr: 8030	f0 00 f0 00 f0 00 f0 00 00 00 00 00 f3 00 f3 00 
Addr: 8040	00 00 00 00 00 00 00 00 00 00 00 00 cf 00 cf 00 
Addr: 8050	00 00 00 00 0f 00 0f 00 3f 00 3f 00 0f 00 0f 00 
Addr: 8060	00 00 00 00 00 00 00 00 c0 00 c0 00 0f 00 0f 00 
Addr: 8070	00 00 00 00 00 00 00 00 00 00 00 00 f0 00 f0 00 
Addr: 8080	00 00 00 00 00 00 00 00 00 00 00 00 f3 00 f3 00 
Addr: 8090	00 00 00 00 00 00 00 00 00 00 00 00 c0 00 c0 00 
Addr: 80a0	03 00 03 00 03 00 03 00 03 00 03 00 ff 00 ff 00 
Addr: 80b0	c0 00 c0 00 c0 00 c0 00 c0 00 c0 00 c3 00 c3 00 
Addr: 80c0	00 00 00 00 00 00 00 00 00 00 00 00 fc 00 fc 00 
Addr: 80d0	f3 00 f3 00 f0 00 f0 00 f0 00 f0 00 f0 00 f0 00 
Addr: 80e0	3c 00 3c 00 fc 00 fc 00 fc 00 fc 00 3c 00 3c 00 
Addr: 80f0	f3 00 f3 00 f3 00 f3 00 f3 00 f3 00 f3 00 f3 00 
Addr: 8100	f3 00 f3 00 c3 00 c3 00 c3 00 c3 00 c3 00 c3 00 
Addr: 8110	cf 00 cf 00 cf 00 cf 00 cf 00 cf 00 cf 00 cf 00 
Addr: 8120	3c 00 3c 00 3f 00 3f 00 3c 00 3c 00 0f 00 0f 00 
Addr: 8130	3c 00 3c 00 fc 00 fc 00 00 00 00 00 fc 00 fc 00 
Addr: 8140	fc 00 fc 00 f0 00 f0 00 f0 00 f0 00 f0 00 f0 00 
Addr: 8150	f3 00 f3 00 f3 00 f3 00 f3 00 f3 00 f0 00 f0 00 
Addr: 8160	c3 00 c3 00 c3 00 c3 00 c3 00 c3 00 ff 00 ff 00 
Addr: 8170	cf 00 cf 00 cf 00 cf 00 cf 00 cf 00 c3 00 c3 00 
Addr: 8180	0f 00 0f 00 0f 00 0f 00 0f 00 0f 00 fc 00 fc 00 
Addr: 8190	3c 00 42 00 b9 00 a5 00 b9 00 a5 00 42 00 3c 00 
Addr: 81a0	00 00 00 00 00 00 00 00 00 00 00 00 00 00 00 00 
Addr: 81b0	00 00 00 00 00 00 00 00 00 00 00 00 00 00 00 00 
Addr: 81c0	00 00 00 00 00 00 00 00 00 00 00 00 00 00 00 00 
Addr: 81d0	00 00 00 00 00 00 00 00 00 00 00 00 00 00 00 00 
Addr: 81e0	00 00 00 00 00 00 00 00 00 00 00 00 00 00 00 00 
Addr: 81f0	00 00 00 00 00 00 00 00 00 00 00 00 00 00 00 00 
Addr: 8200	00 00 00 00 00 00 00 00 00 00 00 00 00 00 00 00 
Addr: 8210	00 00 00 00 00 00 00 00 00 00 00 00 00 00 00 00 
Addr: 8220	00 00 00 00 00 00 00 00 00 00 00 00 00 00 00 00 
Addr: 8230	00 00 00 00 00 00 00 00 00 00 00 00 00 00 00 00 
Addr: 8240	00 00 00 00 00 00 00 00 00 00 00 00 00 00 00 00 
Addr: 8250	00 00 00 00 00 00 00 00 00 00 00 00 00 00 00 00 
Addr: 8260	00 00 00 00 00 00 00 00 00 00 00 00 00 00 00 00 
Addr: 8270	00 00 00 00 00 00 00 00 00 00 00 00 00 00 00 00 
Addr: 8280	00 00 00 00 00 00 00 00 00 00 00 00 00 00 00 00 
Addr: 8290	00 00 00 00 00 00 00 00 00 00 00 00 00 00 00 00 
Addr: 82a0	00 00 00 00 00 00 00 00 00 00 00 00 00 00 00 00 
Addr: 82b0	00 00 00 00 00 00 00 00 00 00 00 00 00 00 00 00 
Addr: 82c0	00 00 00 00 00 00 00 00 00 00 00 00 00 00 00 00 
Addr: 82d0	00 00 00 00 00 00 00 00 00 00 00 00 00 00 00 00 
Addr: 82e0	00 00 00 00 00 00 00 00 00 00 00 00 00 00 00 00 
Addr: 82f0	00 00 00 00 00 00 00 00 00 00 00 00 00 00 00 00 
Addr: 8300	00 00 00 00 00 00 00 00 00 00 00 00 00 00 00 00 
Addr: 8310	00 00 00 00 00 00 00 00 00 00 00 00 00 00 00 00 
Addr: 8320	00 00 00 00 00 00 00 00 00 00 00 00 00 00 00 00 
Addr: 8330	00 00 00 00 00 00 00 00 00 00 00 00 00 00 00 00 
Addr: 8340	00 00 00 00 00 00 00 00 00 00 00 00 00 00 00 00 
Addr: 8350	00 00 00 00 00 00 00 00 00 00 00 00 00 00 00 00 
Addr: 8360	00 00 00 00 00 00 00 00 00 00 00 00 00 00 00 00 
Addr: 8370	00 00 00 00 00 00 00 00 00 00 00 00 00 00 00 00 
Addr: 8380	00 00 00 00 00 00 00 00 00 00 00 00 00 00 00 00 
Addr: 8390	00 00 00 00 00 00 00 00 00 00 00 00 00 00 00 00 
Addr: 83a0	00 00 00 00 00 00 00 00 00 00 00 00 00 00 00 00 
Addr: 83b0	00 00 00 00 00 00 00 00 00 00 00 00 00 00 00 00 
Addr: 83c0	00 00 00 00 00 00 00 00 00 00 00 00 00 00 00 00 
Addr: 83d0	00 00 00 00 00 00 00 00 00 00 00 00 00 00 00 00 
Addr: 83e0	00 00 00 00 00 00 00 00 00 00 00 00 00 00 00 00 
Addr: 83f0	00 00 00 00 00 00 00 00 00 00 00 00 00 00 00 00 
Addr: 8400	00 00 00 00 00 00 00 00 00 00 00 00 00 00 00 00 
Addr: 8410	00 00 00 00 00 00 00 00 00 00 00 00 00 00 00 00 
Addr: 8420	00 00 00 00 00 00 00 00 00 00 00 00 00 00 00 00 
Addr: 8430	00 00 00 00 00 00 00 00 00 00 00 00 00 00 00 00 
Addr: 8440	00 00 00 00 00 00 00 00 00 00 00 00 00 00 00 00 
Addr: 8450	00 00 00 00 00 00 00 00 00 00 00 00 00 00 00 00 
Addr: 8460	00 00 00 00 00 00 00 00 00 00 00 00 00 00 00 00 
Addr: 8470	00 00 00 00 00 00 00 00 00 00 00 00 00 00 00 00 
Addr: 8480	00 00 00 00 00 00 00 00 00 00 00 00 00 00 00 00 
Addr: 8490	00 00 00 00 00 00 00 00 00 00 00 00 00 00 00 00 
Addr: 84a0	00 00 00 00 00 00 00 00 00 00 00 00 00 00 00 00 
Addr: 84b0	00 00 00 00 00 00 00 00 00 00 00 00 00 00 00 00 
Addr: 84c0	00 00 00 00 00 00 00 00 00 00 00 00 00 00 00 00 
Addr: 84d0	00 00 00 00 00 00 00 00 00 00 00 00 00 00 00 00 
Addr: 84e0	00 00 00 00 00 00 00 00 00 00 00 00 00 00 00 00 
Addr: 84f0	00 00 00 00 00 00 00 00 00 00 00 00 00 00 00 00 
Addr: 8500	00 00 00 00 00 00 00 00 00 00 00 00 00 00 00 00 
Addr: 8510	00 00 00 00 00 00 00 00 00 00 00 00 00 00 00 00 
Addr: 8520	00 00 00 00 00 00 00 00 00 00 00 00 00 00 00 00 
Addr: 8530	00 00 00 00 00 00 00 00 00 00 00 00 00 00 00 00 
Addr: 8540	00 00 00 00 00 00 00 00 00 00 00 00 00 00 00 00 
Addr: 8550	00 00 00 00 00 00 00 00 00 00 00 00 00 00 00 00 
Addr: 8560	00 00 00 00 00 00 00 00 00 00 00 00 00 00 00 00 
Addr: 8570	00 00 00 00 00 00 00 00 00 00 00 00 00 00 00 00 
Addr: 8580	00 00 00 00 00 00 00 00 00 00 00 00 00 00 00 00 
Addr: 8590	00 00 00 00 00 00 00 00 00 00 00 00 00 00 00 00 
Addr: 85a0	00 00 00 00 00 00 00 00 00 00 00 00 00 00 00 00 
Addr: 85b0	00 00 00 00 00 00 00 00 00 00 00 00 00 00 00 00 
Addr: 85c0	00 00 00 00 00 00 00 00 00 00 00 00 00 00 00 00 
Addr: 85d0	00 00 00 00 00 00 00 00 00 00 00 00 00 00 00 00 
Addr: 85e0	00 00 00 00 00 00 00 00 00 00 00 00 00 00 00 00 
Addr: 85f0	00 00 00 00 00 00 00 00 00 00 00 00 00 00 00 00 
Addr: 8600	00 00 00 00 00 00 00 00 00 00 00 00 00 00 00 00 
Addr: 8610	00 00 00 00 00 00 00 00 00 00 00 00 00 00 00 00 
Addr: 8620	00 00 00 00 00 00 00 00 00 00 00 00 00 00 00 00 
Addr: 8630	00 00 00 00 00 00 00 00 00 00 00 00 00 00 00 00 
Addr: 8640	00 00 00 00 00 00 00 00 00 00 00 00 00 00 00 00 
Addr: 8650	00 00 00 00 00 00 00 00 00 00 00 00 00 00 00 00 
Addr: 8660	00 00 00 00 00 00 00 00 00 00 00 00 00 00 00 00 
Addr: 8670	00 00 00 00 00 00 00 00 00 00 00 00 00 00 00 00 
Addr: 8680	00 00 00 00 00 00 00 00 00 00 00 00 00 00 00 00 
Addr: 8690	00 00 00 00 00 00 00 00 00 00 00 00 00 00 00 00 
Addr: 86a0	00 00 00 00 00 00 00 00 00 00 00 00 00 00 00 00 
Addr: 86b0	00 00 00 00 00 00 00 00 00 00 00 00 00 00 00 00 
Addr: 86c0	00 00 00 00 00 00 00 00 00 00 00 00 00 00 00 00 
Addr: 86d0	00 00 00 00 00 00 00 00 00 00 00 00 00 00 00 00 
Addr: 86e0	00 00 00 00 00 00 00 00 00 00 00 00 00 00 00 00 
Addr: 86f0	00 00 00 00 00 00 00 00 00 00 00 00 00 00 00 00 
Addr: 8700	00 00 00 00 00 00 00 00 00 00 00 00 00 00 00 00 
Addr: 8710	00 00 00 00 00 00 00 00 00 00 00 00 00 00 00 00 
Addr: 8720	00 00 00 00 00 00 00 00 00 00 00 00 00 00 00 00 
Addr: 8730	00 00 00 00 00 00 00 00 00 00 00 00 00 00 00 00 
Addr: 8740	00 00 00 00 00 00 00 00 00 00 00 00 00 00 00 00 
Addr: 8750	00 00 00 00 00 00 00 00 00 00 00 00 00 00 00 00 
Addr: 8760	00 00 00 00 00 00 00 00 00 00 00 00 00 00 00 00 
Addr: 8770	00 00 00 00 00 00 00 00 00 00 00 00 00 00 00 00 
Addr: 8780	00 00 00 00 00 00 00 00 00 00 00 00 00 00 00 00 
Addr: 8790	00 00 00 00 00 00 00 00 00 00 00 00 00 00 00 00 
Addr: 87a0	00 00 00 00 00 00 00 00 00 00 00 00 00 00 00 00 
Addr: 87b0	00 00 00 00 00 00 00 00 00 00 00 00 00 00 00 00 
Addr: 87c0	00 00 00 00 00 00 00 00 00 00 00 00 00 00 00 00 
Addr: 87d0	00 00 00 00 00 00 00 00 00 00 00 00 00 00 00 00 
Addr: 87e0	00 00 00 00 00 00 00 00 00 00 00 00 00 00 00 00 
Addr: 87f0	00 00 00 00 00 00 00 00 00 00 00 00 00 00 00 00 
Addr: 8800	00 00 00 00 00 00 00 00 00 00 00 00 00 00 00 00 
Addr: 8810	00 00 00 00 00 00 00 00 00 00 00 00 00 00 00 00 
Addr: 8820	00 00 00 00 00 00 00 00 00 00 00 00 00 00 00 00 
Addr: 8830	00 00 00 00 00 00 00 00 00 00 00 00 00 00 00 00 
Addr: 8840	00 00 00 00 00 00 00 00 00 00 00 00 00 00 00 00 
Addr: 8850	00 00 00 00 00 00 00 00 00 00 00 00 00 00 00 00 
Addr: 8860	00 00 00 00 00 00 00 00 00 00 00 00 00 00 00 00 
Addr: 8870	00 00 00 00 00 00 00 00 00 00 00 00 00 00 00 00 
Addr: 8880	00 00 00 00 00 00 00 00 00 00 00 00 00 00 00 00 
Addr: 8890	00 00 00 00 00 00 00 00 00 00 00 00 00 00 00 00 
Addr: 88a0	00 00 00 00 00 00 00 00 00 00 00 00 00 00 00 00 
Addr: 88b0	00 00 00 00 00 00 00 00 00 00 00 00 00 00 00 00 
Addr: 88c0	00 00 00 00 00 00 00 00 00 00 00 00 00 00 00 00 
Addr: 88d0	00 00 00 00 00 00 00 00 00 00 00 00 00 00 00 00 
Addr: 88e0	00 00 00 00 00 00 00 00 00 00 00 00 00 00 00 00 
Addr: 88f0	00 00 00 00 00 00 00 00 00 00 00 00 00 00 00 00 
Addr: 8900	00 00 00 00 00 00 00 00 00 00 00 00 00 00 00 00 
Addr: 8910	00 00 00 00 00 00 00 00 00 00 00 00 00 00 00 00 
Addr: 8920	00 00 00 00 00 00 00 00 00 00 00 00 00 00 00 00 
Addr: 8930	00 00 00 00 00 00 00 00 00 00 00 00 00 00 00 00 
Addr: 8940	00 00 00 00 00 00 00 00 00 00 00 00 00 00 00 00 
Addr: 8950	00 00 00 00 00 00 00 00 00 00 00 00 00 00 00 00 
Addr: 8960	00 00 00 00 00 00 00 00 00 00 00 00 00 00 00 00 
Addr: 8970	00 00 00 00 00 00 00 00 00 00 00 00 00 00 00 00 
Addr: 8980	00 00 00 00 00 00 00 00 00 00 00 00 00 00 00 00 
Addr: 8990	00 00 00 00 00 00 00 00 00 00 00 00 00 00 00 00 
Addr: 89a0	00 00 00 00 00 00 00 00 00 00 00 00 00 00 00 00 
Addr: 89b0	00 00 00 00 00 00 00 00 00 00 00 00 00 00 00 00 
Addr: 89c0	00 00 00 00 00 00 00 00 00 00 00 00 00 00 00 00 
Addr: 89d0	00 00 00 00 00 00 00 00 00 00 00 00 00 00 00 00 
Addr: 89e0	00 00 00 00 00 00 00 00 00 00 00 00 00 00 00 00 
Addr: 89f0	00 00 00 00 00 00 00 00 00 00 00 00 00 00 00 00 
Addr: 8a00	00 00 00 00 00 00 00 00 00 00 00 00 00 00 00 00 
Addr: 8a10	00 00 00 00 00 00 00 00 00 00 00 00 00 00 00 00 
Addr: 8a20	00 00 00 00 00 00 00 00 00 00 00 00 00 00 00 00 
Addr: 8a30	00 00 00 00 00 00 00 00 00 00 00 00 00 00 00 00 
Addr: 8a40	00 00 00 00 00 00 00 00 00 00 00 00 00 00 00 00 
Addr: 8a50	00 00 00 00 00 00 00 00 00 00 00 00 00 00 00 00 
Addr: 8a60	00 00 00 00 00 00 00 00 00 00 00 00 00 00 00 00 
Addr: 8a70	00 00 00 00 00 00 00 00 00 00 00 00 00 00 00 00 
Addr: 8a80	00 00 00 00 00 00 00 00 00 00 00 00 00 00 00 00 
Addr: 8a90	00 00 00 00 00 00 00 00 00 00 00 00 00 00 00 00 
Addr: 8aa0	00 00 00 00 00 00 00 00 00 00 00 00 00 00 00 00 
Addr: 8ab0	00 00 00 00 00 00 00 00 00 00 00 00 00 00 00 00 
Addr: 8ac0	00 00 00 00 00 00 00 00 00 00 00 00 00 00 00 00 
Addr: 8ad0	00 00 00 00 00 00 00 00 00 00 00 00 00 00 00 00 
Addr: 8ae0	00 00 00 00 00 00 00 00 00 00 00 00 00 00 00 00 
Addr: 8af0	00 00 00 00 00 00 00 00 00 00 00 00 00 00 00 00 
Addr: 8b00	00 00 00 00 00 00 00 00 00 00 00 00 00 00 00 00 
Addr: 8b10	00 00 00 00 00 00 00 00 00 00 00 00 00 00 00 00 
Addr: 8b20	00 00 00 00 00 00 00 00 00 00 00 00 00 00 00 00 
Addr: 8b30	00 00 00 00 00 00 00 00 00 00 00 00 00 00 00 00 
Addr: 8b40	00 00 00 00 00 00 00 00 00 00 00 00 00 00 00 00 
Addr: 8b50	00 00 00 00 00 00 00 00 00 00 00 00 00 00 00 00 
Addr: 8b60	00 00 00 00 00 00 00 00 00 00 00 00 00 00 00 00 
Addr: 8b70	00 00 00 00 00 00 00 00 00 00 00 00 00 00 00 00 
Addr: 8b80	00 00 00 00 00 00 00 00 00 00 00 00 00 00 00 00 
Addr: 8b90	00 00 00 00 00 00 00 00 00 00 00 00 00 00 00 00 
Addr: 8ba0	00 00 00 00 00 00 00 00 00 00 00 00 00 00 00 00 
Addr: 8bb0	00 00 00 00 00 00 00 00 00 00 00 00 00 00 00 00 
Addr: 8bc0	00 00 00 00 00 00 00 00 00 00 00 00 00 00 00 00 
Addr: 8bd0	00 00 00 00 00 00 00 00 00 00 00 00 00 00 00 00 
Addr: 8be0	00 00 00 00 00 00 00 00 00 00 00 00 00 00 00 00 
Addr: 8bf0	00 00 00 00 00 00 00 00 00 00 00 00 00 00 00 00 
Addr: 8c00	00 00 00 00 00 00 00 00 00 00 00 00 00 00 00 00 
Addr: 8c10	00 00 00 00 00 00 00 00 00 00 00 00 00 00 00 00 
Addr: 8c20	00 00 00 00 00 00 00 00 00 00 00 00 00 00 00 00 
Addr: 8c30	00 00 00 00 00 00 00 00 00 00 00 00 00 00 00 00 
Addr: 8c40	00 00 00 00 00 00 00 00 00 00 00 00 00 00 00 00 
Addr: 8c50	00 00 00 00 00 00 00 00 00 00 00 00 00 00 00 00 
Addr: 8c60	00 00 00 00 00 00 00 00 00 00 00 00 00 00 00 00 
Addr: 8c70	00 00 00 00 00 00 00 00 00 00 00 00 00 00 00 00 
Addr: 8c80	00 00 00 00 00 00 00 00 00 00 00 00 00 00 00 00 
Addr: 8c90	00 00 00 00 00 00 00 00 00 00 00 00 00 00 00 00 
Addr: 8ca0	00 00 00 00 00 00 00 00 00 00 00 00 00 00 00 00 
Addr: 8cb0	00 00 00 00 00 00 00 00 00 00 00 00 00 00 00 00 
Addr: 8cc0	00 00 00 00 00 00 00 00 00 00 00 00 00 00 00 00 
Addr: 8cd0	00 00 00 00 00 00 00 00 00 00 00 00 00 00 00 00 
Addr: 8ce0	00 00 00 00 00 00 00 00 00 00 00 00 00 00 00 00 
Addr: 8cf0	00 00 00 00 00 00 00 00 00 00 00 00 00 00 00 00 
Addr: 8d00	00 00 00 00 00 00 00 00 00 00 00 00 00 00 00 00 
Addr: 8d10	00 00 00 00 00 00 00 00 00 00 00 00 00 00 00 00 
Addr: 8d20	00 00 00 00 00 00 00 00 00 00 00 00 00 00 00 00 
Addr: 8d30	00 00 00 00 00 00 00 00 00 00 00 00 00 00 00 00 
Addr: 8d40	00 00 00 00 00 00 00 00 00 00 00 00 00 00 00 00 
Addr: 8d50	00 00 00 00 00 00 00 00 00 00 00 00 00 00 00 00 
Addr: 8d60	00 00 00 00 00 00 00 00 00 00 00 00 00 00 00 00 
Addr: 8d70	00 00 00 00 00 00 00 00 00 00 00 00 00 00 00 00 
Addr: 8d80	00 00 00 00 00 00 00 00 00 00 00 00 00 00 00 00 
Addr: 8d90	00 00 00 00 00 00 00 00 00 00 00 00 00 00 00 00 
Addr: 8da0	00 00 00 00 00 00 00 00 00 00 00 00 00 00 00 00 
Addr: 8db0	00 00 00 00 00 00 00 00 00 00 00 00 00 00 00 00 
Addr: 8dc0	00 00 00 00 00 00 00 00 00 00 00 00 00 00 00 00 
Addr: 8dd0	00 00 00 00 00 00 00 00 00 00 00 00 00 00 00 00 
Addr: 8de0	00 00 00 00 00 00 00 00 00 00 00 00 00 00 00 00 
Addr: 8df0	00 00 00 00 00 00 00 00 00 00 00 00 00 00 00 00 
Addr: 8e00	00 00 00 00 00 00 00 00 00 00 00 00 00 00 00 00 
Addr: 8e10	00 00 00 00 00 00 00 00 00 00 00 00 00 00 00 00 
Addr: 8e20	00 00 00 00 00 00 00 00 00 00 00 00 00 00 00 00 
Addr: 8e30	00 00 00 00 00 00 00 00 00 00 00 00 00 00 00 00 
Addr: 8e40	00 00 00 00 00 00 00 00 00 00 00 00 00 00 00 00 
Addr: 8e50	00 00 00 00 00 00 00 00 00 00 00 00 00 00 00 00 
Addr: 8e60	00 00 00 00 00 00 00 00 00 00 00 00 00 00 00 00 
Addr: 8e70	00 00 00 00 00 00 00 00 00 00 00 00 00 00 00 00 
Addr: 8e80	00 00 00 00 00 00 00 00 00 00 00 00 00 00 00 00 
Addr: 8e90	00 00 00 00 00 00 00 00 00 00 00 00 00 00 00 00 
Addr: 8ea0	00 00 00 00 00 00 00 00 00 00 00 00 00 00 00 00 
Addr: 8eb0	00 00 00 00 00 00 00 00 00 00 00 00 00 00 00 00 
Addr: 8ec0	00 00 00 00 00 00 00 00 00 00 00 00 00 00 00 00 
Addr: 8ed0	00 00 00 00 00 00 00 00 00 00 00 00 00 00 00 00 
Addr: 8ee0	00 00 00 00 00 00 00 00 00 00 00 00 00 00 00 00 
Addr: 8ef0	00 00 00 00 00 00 00 00 00 00 00 00 00 00 00 00 
Addr: 8f00	00 00 00 00 00 00 00 00 00 00 00 00 00 00 00 00 
Addr: 8f10	00 00 00 00 00 00 00 00 00 00 00 00 00 00 00 00 
Addr: 8f20	00 00 00 00 00 00 00 00 00 00 00 00 00 00 00 00 
Addr: 8f30	00 00 00 00 00 00 00 00 00 00 00 00 00 00 00 00 
Addr: 8f40	00 00 00 00 00 00 00 00 00 00 00 00 00 00 00 00 
Addr: 8f50	00 00 00 00 00 00 00 00 00 00 00 00 00 00 00 00 
Addr: 8f60	00 00 00 00 00 00 00 00 00 00 00 00 00 00 00 00 
Addr: 8f70	00 00 00 00 00 00 00 00 00 00 00 00 00 00 00 00 
Addr: 8f80	00 00 00 00 00 00 00 00 00 00 00 00 00 00 00 00 
Addr: 8f90	00 00 00 00 00 00 00 00 00 00 00 00 00 00 00 00 
Addr: 8fa0	00 00 00 00 00 00 00 00 00 00 00 00 00 00 00 00 
Addr: 8fb0	00 00 00 00 00 00 00 00 00 00 00 00 00 00 00 00 
Addr: 8fc0	00 00 00 00 00 00 00 00 00 00 00 00 00 00 00 00 
Addr: 8fd0	00 00 00 00 00 00 00 00 00 00 00 00 00 00 00 00 
Addr: 8fe0	00 00 00 00 00 00 00 00 00 00 00 00 00 00 00 00 
Addr: 8ff0	00 00 00 00 00 00 00 00 00 00 00 00 00 00 00 00 
Addr: 9000	00 00 00 00 00 00 00 00 00 00 00 00 00 00 00 00 
Addr: 9010	00 00 00 00 00 00 00 00 00 00 00 00 00 00 00 00 
Addr: 9020	00 00 00 00 00 00 00 00 00 00 00 00 00 00 00 00 
Addr: 9030	00 00 00 00 00 00 00 00 00 00 00 00 00 00 00 00 
Addr: 9040	00 00 00 00 00 00 00 00 00 00 00 00 00 00 00 00 
Addr: 9050	00 00 00 00 00 00 00 00 00 00 00 00 00 00 00 00 
Addr: 9060	00 00 00 00 00 00 00 00 00 00 00 00 00 00 00 00 
Addr: 9070	00 00 00 00 00 00 00 00 00 00 00 00 00 00 00 00 
Addr: 9080	00 00 00 00 00 00 00 00 00 00 00 00 00 00 00 00 
Addr: 9090	00 00 00 00 00 00 00 00 00 00 00 00 00 00 00 00 
Addr: 90a0	00 00 00 00 00 00 00 00 00 00 00 00 00 00 00 00 
Addr: 90b0	00 00 00 00 00 00 00 00 00 00 00 00 00 00 00 00 
Addr: 90c0	00 00 00 00 00 00 00 00 00 00 00 00 00 00 00 00 
Addr: 90d0	00 00 00 00 00 00 00 00 00 00 00 00 00 00 00 00 
Addr: 90e0	00 00 00 00 00 00 00 00 00 00 00 00 00 00 00 00 
Addr: 90f0	00 00 00 00 00 00 00 00 00 00 00 00 00 00 00 00 
Addr: 9100	00 00 00 00 00 00 00 00 00 00 00 00 00 00 00 00 
Addr: 9110	00 00 00 00 00 00 00 00 00 00 00 00 00 00 00 00 
Addr: 9120	00 00 00 00 00 00 00 00 00 00 00 00 00 00 00 00 
Addr: 9130	00 00 00 00 00 00 00 00 00 00 00 00 00 00 00 00 
Addr: 9140	00 00 00 00 00 00 00 00 00 00 00 00 00 00 00 00 
Addr: 9150	00 00 00 00 00 00 00 00 00 00 00 00 00 00 00 00 
Addr: 9160	00 00 00 00 00 00 00 00 00 00 00 00 00 00 00 00 
Addr: 9170	00 00 00 00 00 00 00 00 00 00 00 00 00 00 00 00 
Addr: 9180	00 00 00 00 00 00 00 00 00 00 00 00 00 00 00 00 
Addr: 9190	00 00 00 00 00 00 00 00 00 00 00 00 00 00 00 00 
Addr: 91a0	00 00 00 00 00 00 00 00 00 00 00 00 00 00 00 00 
Addr: 91b0	00 00 00 00 00 00 00 00 00 00 00 00 00 00 00 00 
Addr: 91c0	00 00 00 00 00 00 00 00 00 00 00 00 00 00 00 00 
Addr: 91d0	00 00 00 00 00 00 00 00 00 00 00 00 00 00 00 00 
Addr: 91e0	00 00 00 00 00 00 00 00 00 00 00 00 00 00 00 00 
Addr: 91f0	00 00 00 00 00 00 00 00 00 00 00 00 00 00 00 00 
Addr: 9200	00 00 00 00 00 00 00 00 00 00 00 00 00 00 00 00 
Addr: 9210	00 00 00 00 00 00 00 00 00 00 00 00 00 00 00 00 
Addr: 9220	00 00 00 00 00 00 00 00 00 00 00 00 00 00 00 00 
Addr: 9230	00 00 00 00 00 00 00 00 00 00 00 00 00 00 00 00 
Addr: 9240	00 00 00 00 00 00 00 00 00 00 00 00 00 00 00 00 
Addr: 9250	00 00 00 00 00 00 00 00 00 00 00 00 00 00 00 00 
Addr: 9260	00 00 00 00 00 00 00 00 00 00 00 00 00 00 00 00 
Addr: 9270	00 00 00 00 00 00 00 00 00 00 00 00 00 00 00 00 
Addr: 9280	00 00 00 00 00 00 00 00 00 00 00 00 00 00 00 00 
Addr: 9290	00 00 00 00 00 00 00 00 00 00 00 00 00 00 00 00 
Addr: 92a0	00 00 00 00 00 00 00 00 00 00 00 00 00 00 00 00 
Addr: 92b0	00 00 00 00 00 00 00 00 00 00 00 00 00 00 00 00 
Addr: 92c0	00 00 00 00 00 00 00 00 00 00 00 00 00 00 00 00 
Addr: 92d0	00 00 00 00 00 00 00 00 00 00 00 00 00 00 00 00 
Addr: 92e0	00 00 00 00 00 00 00 00 00 00 00 00 00 00 00 00 
Addr: 92f0	00 00 00 00 00 00 00 00 00 00 00 00 00 00 00 00 
Addr: 9300	00 00 00 00 00 00 00 00 00 00 00 00 00 00 00 00 
Addr: 9310	00 00 00 00 00 00 00 00 00 00 00 00 00 00 00 00 
Addr: 9320	00 00 00 00 00 00 00 00 00 00 00 00 00 00 00 00 
Addr: 9330	00 00 00 00 00 00 00 00 00 00 00 00 00 00 00 00 
Addr: 9340	00 00 00 00 00 00 00 00 00 00 00 00 00 00 00 00 
Addr: 9350	00 00 00 00 00 00 00 00 00 00 00 00 00 00 00 00 
Addr: 9360	00 00 00 00 00 00 00 00 00 00 00 00 00 00 00 00 
Addr: 9370	00 00 00 00 00 00 00 00 00 00 00 00 00 00 00 00 
Addr: 9380	00 00 00 00 00 00 00 00 00 00 00 00 00 00 00 00 
Addr: 9390	00 00 00 00 00 00 00 00 00 00 00 00 00 00 00 00 
Addr: 93a0	00 00 00 00 00 00 00 00 00 00 00 00 00 00 00 00 
Addr: 93b0	00 00 00 00 00 00 00 00 00 00 00 00 00 00 00 00 
Addr: 93c0	00 00 00 00 00 00 00 00 00 00 00 00 00 00 00 00 
Addr: 93d0	00 00 00 00 00 00 00 00 00 00 00 00 00 00 00 00 
Addr: 93e0	00 00 00 00 00 00 00 00 00 00 00 00 00 00 00 00 
Addr: 93f0	00 00 00 00 00 00 00 00 00 00 00 00 00 00 00 00 
Addr: 9400	00 00 00 00 00 00 00 00 00 00 00 00 00 00 00 00 
Addr: 9410	00 00 00 00 00 00 00 00 00 00 00 00 00 00 00 00 
Addr: 9420	00 00 00 00 00 00 00 00 00 00 00 00 00 00 00 00 
Addr: 9430	00 00 00 00 00 00 00 00 00 00 00 00 00 00 00 00 
Addr: 9440	00 00 00 00 00 00 00 00 00 00 00 00 00 00 00 00 
Addr: 9450	00 00 00 00 00 00 00 00 00 00 00 00 00 00 00 00 
Addr: 9460	00 00 00 00 00 00 00 00 00 00 00 00 00 00 00 00 
Addr: 9470	00 00 00 00 00 00 00 00 00 00 00 00 00 00 00 00 
Addr: 9480	00 00 00 00 00 00 00 00 00 00 00 00 00 00 00 00 
Addr: 9490	00 00 00 00 00 00 00 00 00 00 00 00 00 00 00 00 
Addr: 94a0	00 00 00 00 00 00 00 00 00 00 00 00 00 00 00 00 
Addr: 94b0	00 00 00 00 00 00 00 00 00 00 00 00 00 00 00 00 
Addr: 94c0	00 00 00 00 00 00 00 00 00 00 00 00 00 00 00 00 
Addr: 94d0	00 00 00 00 00 00 00 00 00 00 00 00 00 00 00 00 
Addr: 94e0	00 00 00 00 00 00 00 00 00 00 00 00 00 00 00 00 
Addr: 94f0	00 00 00 00 00 00 00 00 00 00 00 00 00 00 00 00 
Addr: 9500	00 00 00 00 00 00 00 00 00 00 00 00 00 00 00 00 
Addr: 9510	00 00 00 00 00 00 00 00 00 00 00 00 00 00 00 00 
Addr: 9520	00 00 00 00 00 00 00 00 00 00 00 00 00 00 00 00 
Addr: 9530	00 00 00 00 00 00 00 00 00 00 00 00 00 00 00 00 
Addr: 9540	00 00 00 00 00 00 00 00 00 00 00 00 00 00 00 00 
Addr: 9550	00 00 00 00 00 00 00 00 00 00 00 00 00 00 00 00 
Addr: 9560	00 00 00 00 00 00 00 00 00 00 00 00 00 00 00 00 
Addr: 9570	00 00 00 00 00 00 00 00 00 00 00 00 00 00 00 00 
Addr: 9580	00 00 00 00 00 00 00 00 00 00 00 00 00 00 00 00 
Addr: 9590	00 00 00 00 00 00 00 00 00 00 00 00 00 00 00 00 
Addr: 95a0	00 00 00 00 00 00 00 00 00 00 00 00 00 00 00 00 
Addr: 95b0	00 00 00 00 00 00 00 00 00 00 00 00 00 00 00 00 
Addr: 95c0	00 00 00 00 00 00 00 00 00 00 00 00 00 00 00 00 
Addr: 95d0	00 00 00 00 00 00 00 00 00 00 00 00 00 00 00 00 
Addr: 95e0	00 00 00 00 00 00 00 00 00 00 00 00 00 00 00 00 
Addr: 95f0	00 00 00 00 00 00 00 00 00 00 00 00 00 00 00 00 
Addr: 9600	00 00 00 00 00 00 00 00 00 00 00 00 00 00 00 00 
Addr: 9610	00 00 00 00 00 00 00 00 00 00 00 00 00 00 00 00 
Addr: 9620	00 00 00 00 00 00 00 00 00 00 00 00 00 00 00 00 
Addr: 9630	00 00 00 00 00 00 00 00 00 00 00 00 00 00 00 00 
Addr: 9640	00 00 00 00 00 00 00 00 00 00 00 00 00 00 00 00 
Addr: 9650	00 00 00 00 00 00 00 00 00 00 00 00 00 00 00 00 
Addr: 9660	00 00 00 00 00 00 00 00 00 00 00 00 00 00 00 00 
Addr: 9670	00 00 00 00 00 00 00 00 00 00 00 00 00 00 00 00 
Addr: 9680	00 00 00 00 00 00 00 00 00 00 00 00 00 00 00 00 
Addr: 9690	00 00 00 00 00 00 00 00 00 00 00 00 00 00 00 00 
Addr: 96a0	00 00 00 00 00 00 00 00 00 00 00 00 00 00 00 00 
Addr: 96b0	00 00 00 00 00 00 00 00 00 00 00 00 00 00 00 00 
Addr: 96c0	00 00 00 00 00 00 00 00 00 00 00 00 00 00 00 00 
Addr: 96d0	00 00 00 00 00 00 00 00 00 00 00 00 00 00 00 00 
Addr: 96e0	00 00 00 00 00 00 00 00 00 00 00 00 00 00 00 00 
Addr: 96f0	00 00 00 00 00 00 00 00 00 00 00 00 00 00 00 00 
Addr: 9700	00 00 00 00 00 00 00 00 00 00 00 00 00 00 00 00 
Addr: 9710	00 00 00 00 00 00 00 00 00 00 00 00 00 00 00 00 
Addr: 9720	00 00 00 00 00 00 00 00 00 00 00 00 00 00 00 00 
Addr: 9730	00 00 00 00 00 00 00 00 00 00 00 00 00 00 00 00 
Addr: 9740	00 00 00 00 00 00 00 00 00 00 00 00 00 00 00 00 
Addr: 9750	00 00 00 00 00 00 00 00 00 00 00 00 00 00 00 00 
Addr: 9760	00 00 00 00 00 00 00 00 00 00 00 00 00 00 00 00 
Addr: 9770	00 00 00 00 00 00 00 00 00 00 00 00 00 00 00 00 
Addr: 9780	00 00 00 00 00 00 00 00 00 00 00 00 00 00 00 00 
Addr: 9790	00 00 00 00 00 00 00 00 00 00 00 00 00 00 00 00 
Addr: 97a0	00 00 00 00 00 00 00 00 00 00 00 00 00 00 00 00 
Addr: 97b0	00 00 00 00 00 00 00 00 00 00 00 00 00 00 00 00 
Addr: 97c0	00 00 00 00 00 00 00 00 00 00 00 00 00 00 00 00 
Addr: 97d0	00 00 00 00 00 00 00 00 00 00 00 00 00 00 00 00 
Addr: 97e0	00 00 00 00 00 00 00 00 00 00 00 00 00 00 00 00 
Addr: 97f0	00 00 00 00 00 00 00 00 00 00 00 00 00 00 00 00 
Addr: 9800	00 00 00 00 00 00 00 00 00 00 00 00 00 00 00 00 
Addr: 9810	00 00 00 00 00 00 00 00 00 00 00 00 00 00 00 00 
Addr: 9820	00 00 00 00 00 00 00 00 00 00 00 00 00 00 00 00 
Addr: 9830	00 00 00 00 00 00 00 00 00 00 00 00 00 00 00 00 
Addr: 9840	00 00 00 00 00 00 00 00 00 00 00 00 00 00 00 00 
Addr: 9850	00 00 00 00 00 00 00 00 00 00 00 00 00 00 00 00 
Addr: 9860	00 00 00 00 00 00 00 00 00 00 00 00 00 00 00 00 
Addr: 9870	00 00 00 00 00 00 00 00 00 00 00 00 00 00 00 00 
Addr: 9880	00 00 00 00 00 00 00 00 00 00 00 00 00 00 00 00 
Addr: 9890	00 00 00 00 00 00 00 00 00 00 00 00 00 00 00 00 
Addr: 98a0	00 00 00 00 00 00 00 00 00 00 00 00 00 00 00 00 
Addr: 98b0	00 00 00 00 00 00 00 00 00 00 00 00 00 00 00 00 
Addr: 98c0	00 00 00 00 00 00 00 00 00 00 00 00 00 00 00 00 
Addr: 98d0	00 00 00 00 00 00 00 00 00 00 00 00 00 00 00 00 
Addr: 98e0	00 00 00 00 00 00 00 00 00 00 00 00 00 00 00 00 
Addr: 98f0	00 00 00 00 00 00 00 00 00 00 00 00 00 00 00 00 
Addr: 9900	00 00 00 00 01 02 03 04 05 06 07 08 09 0a 0b 0c 
Addr: 9910	19 00 00 00 00 00 00 00 00 00 00 00 00 00 00 00 
Addr: 9920	00 00 00 00 0d 0e 0f 10 11 12 13 14 15 16 17 18 
Addr: 9930	00 00 00 00 00 00 00 00 00 00 00 00 00 00 00 00 
Addr: 9940	00 00 00 00 00 00 00 00 00 00 00 00 00 00 00 00 
Addr: 9950	00 00 00 00 00 00 00 00 00 00 00 00 00 00 00 00 
Addr: 9960	00 00 00 00 00 00 00 00 00 00 00 00 00 00 00 00 
Addr: 9970	00 00 00 00 00 00 00 00 00 00 00 00 00 00 00 00 
Addr: 9980	00 00 00 00 00 00 00 00 00 00 00 00 00 00 00 00 
Addr: 9990	00 00 00 00 00 00 00 00 00 00 00 00 00 00 00 00 
Addr: 99a0	00 00 00 00 00 00 00 00 00 00 00 00 00 00 00 00 
Addr: 99b0	00 00 00 00 00 00 00 00 00 00 00 00 00 00 00 00 
Addr: 99c0	00 00 00 00 00 00 00 00 00 00 00 00 00 00 00 00 
Addr: 99d0	00 00 00 00 00 00 00 00 00 00 00 00 00 00 00 00 
Addr: 99e0	00 00 00 00 00 00 00 00 00 00 00 00 00 00 00 00 
Addr: 99f0	00 00 00 00 00 00 00 00 00 00 00 00 00 00 00 00 
Addr: 9a00	00 00 00 00 00 00 00 00 00 00 00 00 00 00 00 00 
Addr: 9a10	00 00 00 00 00 00 00 00 00 00 00 00 00 00 00 00 
Addr: 9a20	00 00 00 00 00 00 00 00 00 00 00 00 00 00 00 00 
Addr: 9a30	00 00 00 00 00 00 00 00 00 00 00 00 00 00 00 00 
Addr: 9a40	00 00 00 00 00 00 00 00 00 00 00 00 00 00 00 00 
Addr: 9a50	00 00 00 00 00 00 00 00 00 00 00 00 00 00 00 00 
Addr: 9a60	00 00 00 00 00 00 00 00 00 00 00 00 00 00 00 00 
Addr: 9a70	00 00 00 00 00 00 00 00 00 00 00 00 00 00 00 00 
Addr: 9a80	00 00 00 00 00 00 00 00 00 00 00 00 00 00 00 00 
Addr: 9a90	00 00 00 00 00 00 00 00 00 00 00 00 00 00 00 00 
Addr: 9aa0	00 00 00 00 00 00 00 00 00 00 00 00 00 00 00 00 
Addr: 9ab0	00 00 00 00 00 00 00 00 00 00 00 00 00 00 00 00 
Addr: 9ac0	00 00 00 00 00 00 00 00 00 00 00 00 00 00 00 00 
Addr: 9ad0	00 00 00 00 00 00 00 00 00 00 00 00 00 00 00 00 
Addr: 9ae0	00 00 00 00 00 00 00 00 00 00 00 00 00 00 00 00 
Addr: 9af0	00 00 00 00 00 00 00 00 00 00 00 00 00 00 00 00 
Addr: 9b00	00 00 00 00 00 00 00 00 00 00 00 00 00 00 00 00 
Addr: 9b10	00 00 00 00 00 00 00 00 00 00 00 00 00 00 00 00 
Addr: 9b20	00 00 00 00 00 00 00 00 00 00 00 00 00 00 00 00 
Addr: 9b30	00 00 00 00 00 00 00 00 00 00 00 00 00 00 00 00 
Addr: 9b40	00 00 00 00 00 00 00 00 00 00 00 00 00 00 00 00 
Addr: 9b50	00 00 00 00 00 00 00 00 00 00 00 00 00 00 00 00 
Addr: 9b60	00 00 00 00 00 00 00 00 00 00 00 00 00 00 00 00 
Addr: 9b70	00 00 00 00 00 00 00 00 00 00 00 00 00 00 00 00 
Addr: 9b80	00 00 00 00 00 00 00 00 00 00 00 00 00 00 00 00 
Addr: 9b90	00 00 00 00 00 00 00 00 00 00 00 00 00 00 00 00 
Addr: 9ba0	00 00 00 00 00 00 00 00 00 00 00 00 00 00 00 00 
Addr: 9bb0	00 00 00 00 00 00 00 00 00 00 00 00 00 00 00 00 
Addr: 9bc0	00 00 00 00 00 00 00 00 00 00 00 00 00 00 00 00 
Addr: 9bd0	00 00 00 00 00 00 00 00 00 00 00 00 00 00 00 00 
Addr: 9be0	00 00 00 00 00 00 00 00 00 00 00 00 00 00 00 00 
Addr: 9bf0	00 00 00 00 00 00 00 00 00 00 00 00 00 00 00 00 
Addr: 9c00	00 00 00 00 00 00 00 00 00 00 00 00 00 00 00 00 
Addr: 9c10	00 00 00 00 00 00 00 00 00 00 00 00 00 00 00 00 
Addr: 9c20	00 00 00 00 00 00 00 00 00 00 00 00 00 00 00 00 
Addr: 9c30	00 00 00 00 00 00 00 00 00 00 00 00 00 00 00 00 
Addr: 9c40	00 00 00 00 00 00 00 00 00 00 00 00 00 00 00 00 
Addr: 9c50	00 00 00 00 00 00 00 00 00 00 00 00 00 00 00 00 
Addr: 9c60	00 00 00 00 00 00 00 00 00 00 00 00 00 00 00 00 
Addr: 9c70	00 00 00 00 00 00 00 00 00 00 00 00 00 00 00 00 
Addr: 9c80	00 00 00 00 00 00 00 00 00 00 00 00 00 00 00 00 
Addr: 9c90	00 00 00 00 00 00 00 00 00 00 00 00 00 00 00 00 
Addr: 9ca0	00 00 00 00 00 00 00 00 00 00 00 00 00 00 00 00 
Addr: 9cb0	00 00 00 00 00 00 00 00 00 00 00 00 00 00 00 00 
Addr: 9cc0	00 00 00 00 00 00 00 00 00 00 00 00 00 00 00 00 
Addr: 9cd0	00 00 00 00 00 00 00 00 00 00 00 00 00 00 00 00 
Addr: 9ce0	00 00 00 00 00 00 00 00 00 00 00 00 00 00 00 00 
Addr: 9cf0	00 00 00 00 00 00 00 00 00 00 00 00 00 00 00 00 
Addr: 9d00	00 00 00 00 00 00 00 00 00 00 00 00 00 00 00 00 
Addr: 9d10	00 00 00 00 00 00 00 00 00 00 00 00 00 00 00 00 
Addr: 9d20	00 00 00 00 00 00 00 00 00 00 00 00 00 00 00 00 
Addr: 9d30	00 00 00 00 00 00 00 00 00 00 00 00 00 00 00 00 
Addr: 9d40	00 00 00 00 00 00 00 00 00 00 00 00 00 00 00 00 
Addr: 9d50	00 00 00 00 00 00 00 00 00 00 00 00 00 00 00 00 
Addr: 9d60	00 00 00 00 00 00 00 00 00 00 00 00 00 00 00 00 
Addr: 9d70	00 00 00 00 00 00 00 00 00 00 00 00 00 00 00 00 
Addr: 9d80	00 00 00 00 00 00 00 00 00 00 00 00 00 00 00 00 
Addr: 9d90	00 00 00 00 00 00 00 00 00 00 00 00 00 00 00 00 
Addr: 9da0	00 00 00 00 00 00 00 00 00 00 00 00 00 00 00 00 
Addr: 9db0	00 00 00 00 00 00 00 00 00 00 00 00 00 00 00 00 
Addr: 9dc0	00 00 00 00 00 00 00 00 00 00 00 00 00 00 00 00 
Addr: 9dd0	00 00 00 00 00 00 00 00 00 00 00 00 00 00 00 00 
Addr: 9de0	00 00 00 00 00 00 00 00 00 00 00 00 00 00 00 00 
Addr: 9df0	00 00 00 00 00 00 00 00 00 00 00 00 00 00 00 00 
Addr: 9e00	00 00 00 00 00 00 00 00 00 00 00 00 00 00 00 00 
Addr: 9e10	00 00 00 00 00 00 00 00 00 00 00 00 00 00 00 00 
Addr: 9e20	00 00 00 00 00 00 00 00 00 00 00 00 00 00 00 00 
Addr: 9e30	00 00 00 00 00 00 00 00 00 00 00 00 00 00 00 00 
Addr: 9e40	00 00 00 00 00 00 00 00 00 00 00 00 00 00 00 00 
Addr: 9e50	00 00 00 00 00 00 00 00 00 00 00 00 00 00 00 00 
Addr: 9e60	00 00 00 00 00 00 00 00 00 00 00 00 00 00 00 00 
Addr: 9e70	00 00 00 00 00 00 00 00 00 00 00 00 00 00 00 00 
Addr: 9e80	00 00 00 00 00 00 00 00 00 00 00 00 00 00 00 00 
Addr: 9e90	00 00 00 00 00 00 00 00 00 00 00 00 00 00 00 00 
Addr: 9ea0	00 00 00 00 00 00 00 00 00 00 00 00 00 00 00 00 
Addr: 9eb0	00 00 00 00 00 00 00 00 00 00 00 00 00 00 00 00 
Addr: 9ec0	00 00 00 00 00 00 00 00 00 00 00 00 00 00 00 00 
Addr: 9ed0	00 00 00 00 00 00 00 00 00 00 00 00 00 00 00 00 
Addr: 9ee0	00 00 00 00 00 00 00 00 00 00 00 00 00 00 00 00 
Addr: 9ef0	00 00 00 00 00 00 00 00 00 00 00 00 00 00 00 00 
Addr: 9f00	00 00 00 00 00 00 00 00 00 00 00 00 00 00 00 00 
Addr: 9f10	00 00 00 00 00 00 00 00 00 00 00 00 00 00 00 00 
Addr: 9f20	00 00 00 00 00 00 00 00 00 00 00 00 00 00 00 00 
Addr: 9f30	00 00 00 00 00 00 00 00 00 00 00 00 00 00 00 00 
Addr: 9f40	00 00 00 00 00 00 00 00 00 00 00 00 00 00 00 00 
Addr: 9f50	00 00 00 00 00 00 00 00 00 00 00 00 00 00 00 00 
Addr: 9f60	00 00 00 00 00 00 00 00 00 00 00 00 00 00 00 00 
Addr: 9f70	00 00 00 00 00 00 00 00 00 00 00 00 00 00 00 00 
Addr: 9f80	00 00 00 00 00 00 00 00 00 00 00 00 00 00 00 00 
Addr: 9f90	00 00 00 00 00 00 00 00 00 00 00 00 00 00 00 00 
Addr: 9fa0	00 00 00 00 00 00 00 00 00 00 00 00 00 00 00 00 
Addr: 9fb0	00 00 00 00 00 00 00 00 00 00 00 00 00 00 00 00 
Addr: 9fc0	00 00 00 00 00 00 00 00 00 00 00 00 00 00 00 00 
Addr: 9fd0	00 00 00 00 00 00 00 00 00 00 00 00 00 00 00 00 
Addr: 9fe0	00 00 00 00 00 00 00 00 00 00 00 00 00 00 00 00 
Addr: 9ff0	00 00 00 00 00 00 00 00 00 00 00 00 00 00 00 00 
